      x(1)=0.000000000000000
      x(2)=3.500000000000000

