      x(1)=6.604000000000000
      x(2)=11.400000000000000

